               chr       pos    ci.low   ci.high       lod  pval
chr01_4205504    1 22.364012 18.023011  30.13202 2.9075005 0.229
chr02_47907698   2 77.568057  0.000000 107.46909 1.2832806 0.999
chr03_3289041    3 34.938011 12.675004  50.10802 3.3825221 0.087
chr04_1125394    4  6.795008  0.000000  18.46001 2.3054503 0.623
chr05_1185215    5  6.957003  0.000000  16.63401 1.6356250 0.969
chr06_32362978   6 18.997011 16.244007  22.92502 4.2697962 0.017
chr07_65765157   7 90.237038  0.000000 110.85805 1.3580542 0.999
chr08_3751501    8 30.200010 15.618006  92.03405 1.3321637 0.999
chr09_586167     9  0.138001  0.000000  84.02904 1.4230769 0.996
chr10_219095    10  0.000000  0.000000  96.39405 0.8142002 1.000
chr11_4924585   11 30.714027 30.107026  32.28503 7.4185270 0.000
chr12_63932679  12 75.268031  1.204001  93.13604 1.3281257 0.999
 
               chr        pos    ci.low   ci.high       lod  pval
chr01_89056634   1  91.517060 84.144050 129.41110 1.5596289 0.980
chr02_38614728   2  32.668021  9.575008 107.46909 1.0650916 1.000
chr03_64136163   3  90.065043  1.387001 120.64508 1.4473156 0.989
chr04_1125394    4   6.795008  3.046003  45.18802 4.7123765 0.004
chr05_4780398    5  53.307008  0.000000 111.23804 0.9990906 1.000
chr06_48543732   6  94.537051 79.776039  98.56206 3.1197399 0.176
chr07_67421594   7 105.821046 25.694006 110.85805 2.6177419 0.396
chr08_3508769    8  28.539009  0.000000  99.22205 1.4481615 0.989
chr09_3333717    9  41.871013 28.465011  51.03402 2.4922083 0.479
chr10_60206275  10  49.384022  0.000000  96.39405 0.8127383 1.000
chr11_4924585   11  30.714027  8.261009  38.15503 3.4953629 0.098
chr12_4682268   12  40.728015  1.204001  87.55804 1.4997955 0.987
 
               chr      pos    ci.low   ci.high       lod  pval
chr01_4205504    1 22.36401 18.023011  32.79902 9.2273097 0.000
chr02_48414726   2 78.99206 36.539026 107.46909 2.1968494 0.672
chr03_5064216    3 47.04302 35.203012  58.97403 2.7183030 0.355
chr04_3261417    4 31.65801  0.000000 108.82805 1.7772524 0.922
chr05_3192066    5 36.31801  9.489005  81.91303 1.5831064 0.974
chr06_40171015   6 43.92902  0.000000  98.56206 0.5033624 1.000
chr07_65219730   7 84.73004 46.506018 110.85805 2.1051768 0.740
chr08_61195416   8 72.96004 50.581025  86.87005 2.0712081 0.769
chr09_68765386   9 85.33104 15.493007 130.55805 2.1660915 0.689
chr10_61749749  10 65.35803  0.000000  96.39405 1.1150883 1.000
chr11_54774233  11 93.23805 30.107026 103.37206 1.6258353 0.968
chr12_63773593  12 73.27503  0.000000  93.13604 0.8629245 1.000
 
               chr       pos    ci.low   ci.high      lod  pval
chr01_3572627    1  18.02301  5.575005  27.81101 4.904819 0.001
chr02_38614728   2  32.66802 29.261019  59.77804 2.355036 0.566
chr03_67259598   3 106.79606 44.878017 120.64508 1.721096 0.952
chr04_3261417    4  31.65801 28.091013  40.77101 4.334531 0.009
chr05_1851327    5  16.63401  0.000000  67.84701 2.195216 0.668
chr06_47038534   6  86.35904 73.477036  98.56206 1.629306 0.969
chr07_2347321    7  22.38501  0.000000  35.74401 2.088530 0.756
chr08_64161270   8  89.41405 34.002014  99.22205 1.289177 1.000
chr09_3333717    9  41.87101 21.453010 105.52005 1.723192 0.952
chr10_62140259  10  70.65303 48.540021  96.39405 1.795223 0.928
chr11_4924585   11  30.71403 26.905025 101.48805 2.035008 0.787
chr12_1684454   12  13.84300  0.000000  81.40303 1.303178 1.000
 
               chr      pos    ci.low   ci.high       lod  pval
chr01_3572627    1 18.02301  5.575005  27.81101 5.1204325 0.002
chr02_38614728   2 32.66802 29.261019  42.45203 2.6878709 0.334
chr03_5064216    3 47.04302  0.000000 117.80107 1.2827116 1.000
chr04_3261417    4 31.65801 18.460010  40.77101 4.4856597 0.005
chr05_1851327    5 16.63401  0.000000  67.84701 2.2296210 0.634
chr06_47038534   6 86.35904 40.918022  98.56206 1.2999447 1.000
chr07_2347321    7 22.38501  0.000000  42.91002 2.5367250 0.422
chr08_64161270   8 89.41405  0.000000  99.22205 0.9646622 1.000
chr09_2480858    9 32.77901 21.453010 102.14705 2.2563919 0.611
chr10_62140259  10 70.65303 45.233020  96.39405 1.4111726 0.997
chr11_4924585   11 30.71403  8.261009 103.37206 2.0247594 0.792
chr12_1550119   12 11.26500  0.000000  48.10602 1.4302762 0.996
 
               chr       pos    ci.low   ci.high       lod  pval
chr01_4205504    1  22.36401 16.455010  27.05501 7.6192545 0.000
chr02_38614728   2  32.66802 22.010017  97.18608 2.3771321 0.547
chr03_5064216    3  47.04302 44.263016 107.63306 1.6987201 0.942
chr04_3261417    4  31.65801  0.000000  40.77101 2.6266678 0.363
chr05_1851327    5  16.63401  0.000000  36.31801 2.2458119 0.627
chr06_2221187    6  10.14200  0.000000  98.56206 0.7424428 1.000
chr07_340497     7   0.00000  0.000000  35.74401 1.5900572 0.971
chr08_52827688   8  36.11902  0.000000  99.22205 1.0129587 1.000
chr09_67733308   9  77.27904  9.478005 130.55805 1.6166868 0.965
chr10_62140259  10  70.65303  0.000000  96.39405 1.2609761 1.000
chr11_56272429  11 103.37206 12.909012 103.37206 1.3721328 0.998
chr12_2129661   12  18.28301  0.000000  93.13604 1.2961793 0.999
 
               chr       pos   ci.low   ci.high      lod  pval
chr01_3572627    1  18.02301 11.26801  27.81101 3.120023 0.139
chr02_38614728   2  32.66802 29.26102  58.35404 2.916298 0.220
chr03_67259598   3 106.79606 83.80804 120.64508 2.325083 0.590
chr04_3261417    4  31.65801 28.09101  40.77101 4.061835 0.021
chr05_1851327    5  16.63401  0.00000  53.30701 2.221420 0.667
chr06_47038534   6  86.35904 79.77604  98.56206 2.368814 0.566
chr07_340497     7   0.00000  0.00000  35.74401 1.956175 0.841
chr08_64035568   8  87.71805 75.15104  97.45805 2.536808 0.449
chr09_2480858    9  32.77901 21.45301 102.14705 2.147259 0.721
chr10_62244292  10  72.64603 49.38402  96.39405 1.560158 0.989
chr11_4924585   11  30.71403 26.90503 101.48805 1.967658 0.833
chr12_4858882   12  42.30702  0.00000  84.48004 1.158667 1.000
 
               chr       pos   ci.low   ci.high      lod  pval
chr01_3279061    1  16.45501 11.26801  27.05501 3.698669 0.044
chr02_38614728   2  32.66802 30.52802  57.14704 2.828635 0.255
chr03_67259598   3 106.79606 83.80804 121.53608 1.973681 0.832
chr04_3261417    4  31.65801 28.09101  40.77101 4.633861 0.004
chr05_1851327    5  16.63401  0.00000  53.30701 2.183769 0.687
chr06_47038534   6  86.35904 79.77604  98.56206 2.373949 0.547
chr07_2347321    7  22.38501  0.00000  46.50602 2.000223 0.819
chr08_64035568   8  87.71805 75.15104  99.22205 1.912922 0.859
chr09_2480858    9  32.77901 21.45301 102.14705 1.881586 0.881
chr10_62140259  10  70.65303 45.23302  96.39405 1.362905 1.000
chr11_4924585   11  30.71403 26.90503 101.48805 2.188957 0.683
chr12_4682268   12  40.72801  0.00000  84.48004 1.147183 1.000
 
               chr        pos    ci.low   ci.high       lod  pval
chr01_88441355   1  89.935059 85.018051 102.55307 3.5409550 0.061
chr02_16635348   2   0.571001  0.000000  10.62401 1.9191126 0.855
chr03_68702106   3 115.796070  1.387001 124.56708 1.1547695 1.000
chr04_6728572    4  49.056017  0.000000 114.68306 2.0034648 0.814
chr05_10037656   5  72.238018  0.000000 111.23804 1.1335676 1.000
chr06_40599648   6  46.566025 24.744016  79.77604 1.5663573 0.974
chr07_65219730   7  84.730036 19.596004 110.85805 1.3740156 0.998
chr08_64596507   8  92.034051 63.514033  99.22205 3.5981298 0.058
chr09_71476646   9 117.257051 76.029038 130.55805 2.2882796 0.605
chr10_62187729  10  71.661032  0.000000  96.39405 1.1771020 1.000
chr11_55072513  11  96.414050 51.804037 103.37206 3.2652594 0.123
chr12_591995    12   1.204001  0.000000  93.13604 0.9065024 1.000
 
               chr       pos    ci.low   ci.high       lod  pval
chr01_4205504    1 22.364012 18.023011  30.13202 2.9075005 0.227
chr02_47907698   2 77.568057  0.000000 107.46909 1.2832806 0.999
chr03_3289041    3 34.938011 12.675004  50.10802 3.3825221 0.086
chr04_1125394    4  6.795008  0.000000  18.46001 2.3054503 0.592
chr05_1185215    5  6.957003  0.000000  16.63401 1.6356250 0.970
chr06_32362978   6 18.997011 16.244007  22.92502 4.2697962 0.012
chr07_65765157   7 90.237038  0.000000 110.85805 1.3580542 0.997
chr08_3751501    8 30.200010 15.618006  92.03405 1.3321637 0.998
chr09_586167     9  0.138001  0.000000  84.02904 1.4230769 0.995
chr10_219095    10  0.000000  0.000000  96.39405 0.8142002 1.000
chr11_4924585   11 30.714027 30.107026  32.28503 7.4185270 0.000
chr12_63932679  12 75.268031  1.204001  93.13604 1.3281257 0.998
 
               chr        pos    ci.low   ci.high       lod  pval
chr01_89056634   1  91.517060 84.144050 129.41110 1.5596289 0.984
chr02_38614728   2  32.668021  9.575008 107.46909 1.0650916 1.000
chr03_64136163   3  90.065043  1.387001 120.64508 1.4473156 0.997
chr04_1125394    4   6.795008  3.046003  45.18802 4.7123765 0.006
chr05_4780398    5  53.307008  0.000000 111.23804 0.9990906 1.000
chr06_48543732   6  94.537051 79.776039  98.56206 3.1197399 0.160
chr07_67421594   7 105.821046 25.694006 110.85805 2.6177419 0.400
chr08_3508769    8  28.539009  0.000000  99.22205 1.4481615 0.997
chr09_3333717    9  41.871013 28.465011  51.03402 2.4922083 0.491
chr10_60206275  10  49.384022  0.000000  96.39405 0.8127383 1.000
chr11_4924585   11  30.714027  8.261009  38.15503 3.4953629 0.070
chr12_4682268   12  40.728015  1.204001  87.55804 1.4997955 0.995
 
               chr      pos    ci.low   ci.high       lod  pval
chr01_4205504    1 22.36401 18.023011  32.79902 9.2273097 0.000
chr02_48414726   2 78.99206 36.539026 107.46909 2.1968494 0.709
chr03_5064216    3 47.04302 35.203012  58.97403 2.7183030 0.367
chr04_3261417    4 31.65801  0.000000 108.82805 1.7772524 0.939
chr05_3192066    5 36.31801  9.489005  81.91303 1.5831064 0.987
chr06_40171015   6 43.92902  0.000000  98.56206 0.5033624 1.000
chr07_65219730   7 84.73004 46.506018 110.85805 2.1051768 0.776
chr08_61195416   8 72.96004 50.581025  86.87005 2.0712081 0.796
chr09_68765386   9 85.33104 15.493007 130.55805 2.1660915 0.733
chr10_61749749  10 65.35803  0.000000  96.39405 1.1150883 1.000
chr11_54774233  11 93.23805 30.107026 103.37206 1.6258353 0.981
chr12_63773593  12 73.27503  0.000000  93.13604 0.8629245 1.000
 
               chr       pos    ci.low   ci.high      lod  pval
chr01_3572627    1  18.02301  5.575005  27.81101 4.904819 0.006
chr02_38614728   2  32.66802 29.261019  59.77804 2.355036 0.594
chr03_67259598   3 106.79606 44.878017 120.64508 1.721096 0.965
chr04_3261417    4  31.65801 28.091013  40.77101 4.334531 0.014
chr05_1851327    5  16.63401  0.000000  67.84701 2.195216 0.699
chr06_47038534   6  86.35904 73.477036  98.56206 1.629306 0.986
chr07_2347321    7  22.38501  0.000000  35.74401 2.088530 0.782
chr08_64161270   8  89.41405 34.002014  99.22205 1.289177 1.000
chr09_3333717    9  41.87101 21.453010 105.52005 1.723192 0.965
chr10_62140259  10  70.65303 48.540021  96.39405 1.795223 0.937
chr11_4924585   11  30.71403 26.905025 101.48805 2.035008 0.820
chr12_1684454   12  13.84300  0.000000  81.40303 1.303178 1.000
 
               chr      pos    ci.low   ci.high       lod  pval
chr01_3572627    1 18.02301  5.575005  27.81101 5.1204325 0.001
chr02_38614728   2 32.66802 29.261019  42.45203 2.6878709 0.369
chr03_5064216    3 47.04302  0.000000 117.80107 1.2827116 1.000
chr04_3261417    4 31.65801 18.460010  40.77101 4.4856597 0.010
chr05_1851327    5 16.63401  0.000000  67.84701 2.2296210 0.681
chr06_47038534   6 86.35904 40.918022  98.56206 1.2999447 1.000
chr07_2347321    7 22.38501  0.000000  42.91002 2.5367250 0.463
chr08_64161270   8 89.41405  0.000000  99.22205 0.9646622 1.000
chr09_2480858    9 32.77901 21.453010 102.14705 2.2563919 0.659
chr10_62140259  10 70.65303 45.233020  96.39405 1.4111726 0.997
chr11_4924585   11 30.71403  8.261009 103.37206 2.0247594 0.817
chr12_1550119   12 11.26500  0.000000  48.10602 1.4302762 0.997
 
               chr       pos    ci.low   ci.high       lod  pval
chr01_4205504    1  22.36401 16.455010  27.05501 7.6192545 0.001
chr02_38614728   2  32.66802 22.010017  97.18608 2.3771321 0.555
chr03_5064216    3  47.04302 44.263016 107.63306 1.6987201 0.959
chr04_3261417    4  31.65801  0.000000  40.77101 2.6266678 0.395
chr05_1851327    5  16.63401  0.000000  36.31801 2.2458119 0.648
chr06_2221187    6  10.14200  0.000000  98.56206 0.7424428 1.000
chr07_340497     7   0.00000  0.000000  35.74401 1.5900572 0.982
chr08_52827688   8  36.11902  0.000000  99.22205 1.0129587 1.000
chr09_67733308   9  77.27904  9.478005 130.55805 1.6166868 0.976
chr10_62140259  10  70.65303  0.000000  96.39405 1.2609761 1.000
chr11_56272429  11 103.37206 12.909012 103.37206 1.3721328 0.997
chr12_2129661   12  18.28301  0.000000  93.13604 1.2961793 1.000
 
               chr       pos   ci.low   ci.high      lod  pval
chr01_3572627    1  18.02301 11.26801  27.81101 3.120023 0.170
chr02_38614728   2  32.66802 29.26102  58.35404 2.916298 0.248
chr03_67259598   3 106.79606 83.80804 120.64508 2.325083 0.622
chr04_3261417    4  31.65801 28.09101  40.77101 4.061835 0.026
chr05_1851327    5  16.63401  0.00000  53.30701 2.221420 0.690
chr06_47038534   6  86.35904 79.77604  98.56206 2.368814 0.599
chr07_340497     7   0.00000  0.00000  35.74401 1.956175 0.875
chr08_64035568   8  87.71805 75.15104  97.45805 2.536808 0.487
chr09_2480858    9  32.77901 21.45301 102.14705 2.147259 0.741
chr10_62244292  10  72.64603 49.38402  96.39405 1.560158 0.993
chr11_4924585   11  30.71403 26.90503 101.48805 1.967658 0.866
chr12_4858882   12  42.30702  0.00000  84.48004 1.158667 1.000
 
               chr       pos   ci.low   ci.high      lod  pval
chr01_3279061    1  16.45501 11.26801  27.05501 3.698669 0.063
chr02_38614728   2  32.66802 30.52802  57.14704 2.828635 0.296
chr03_67259598   3 106.79606 83.80804 121.53608 1.973681 0.857
chr04_3261417    4  31.65801 28.09101  40.77101 4.633861 0.009
chr05_1851327    5  16.63401  0.00000  53.30701 2.183769 0.726
chr06_47038534   6  86.35904 79.77604  98.56206 2.373949 0.591
chr07_2347321    7  22.38501  0.00000  46.50602 2.000223 0.845
chr08_64035568   8  87.71805 75.15104  99.22205 1.912922 0.900
chr09_2480858    9  32.77901 21.45301 102.14705 1.881586 0.914
chr10_62140259  10  70.65303 45.23302  96.39405 1.362905 0.999
chr11_4924585   11  30.71403 26.90503 101.48805 2.188957 0.724
chr12_4682268   12  40.72801  0.00000  84.48004 1.147183 1.000
 
               chr        pos    ci.low   ci.high       lod  pval
chr01_88441355   1  89.935059 85.018051 102.55307 3.5409550 0.069
chr02_16635348   2   0.571001  0.000000  10.62401 1.9191126 0.861
chr03_68702106   3 115.796070  1.387001 124.56708 1.1547695 1.000
chr04_6728572    4  49.056017  0.000000 114.68306 2.0034648 0.816
chr05_10037656   5  72.238018  0.000000 111.23804 1.1335676 1.000
chr06_40599648   6  46.566025 24.744016  79.77604 1.5663573 0.984
chr07_65219730   7  84.730036 19.596004 110.85805 1.3740156 0.997
chr08_64596507   8  92.034051 63.514033  99.22205 3.5981298 0.062
chr09_71476646   9 117.257051 76.029038 130.55805 2.2882796 0.624
chr10_62187729  10  71.661032  0.000000  96.39405 1.1771020 1.000
chr11_55072513  11  96.414050 51.804037 103.37206 3.2652594 0.119
chr12_591995    12   1.204001  0.000000  93.13604 0.9065024 1.000
 
