               chr        pos           SL          SFW        SPAD          RFW         RDW
chr01_1927449    1   0.000000 1.6178146920 0.0783994382 4.774756983 2.1773300823 2.344064225
chr01_2120502    1   3.743001 1.3312948136 0.0905518549 5.157028390 3.0534000377 3.073120829
chr01_2212007    1   4.004002 1.3635575333 0.0737353229 4.962402106 3.0812058419 3.087160860
chr01_2229222    1   4.151003 1.3633448024 0.0736544599 4.961826228 3.0814647725 3.087211585
chr01_2274878    1   5.003004 1.4000498427 0.0927905246 4.964483318 3.2281726998 3.202534768
chr01_2308792    1   5.575005 1.2805216936 0.0815244373 5.310224515 3.2020849973 3.183148717
chr01_2751392    1  10.625006 1.3682167949 0.0892310438 6.242531305 3.9891749754 4.152354036
chr01_2826537    1  10.795007 1.3695833469 0.0893119791 6.249527048 3.9876198332 4.150902460
chr01_2840317    1  11.268008 1.3698581254 0.0900059906 6.269684135 3.9933902852 4.153710079
chr01_3172890    1  14.527009 1.3404156278 0.0291928804 6.549630460 4.1665481942 4.126931206
chr01_3279061    1  16.455010 1.2329442430 0.0439536693 6.406374705 4.4703570152 4.746339310
chr01_3572627    1  18.023011 1.6012744404 0.0453920645 7.710299957 4.9048187862 5.120432505
chr01_4205504    1  22.364012 2.9075004628 0.0888621361 9.227309712 4.6126182714 4.902621684
chr01_5585767    1  27.055013 2.5843047126 0.0750094107 8.204315697 4.0699139685 4.399131840
chr01_67702613   1  27.811014 2.1179635732 0.0357985703 8.716243413 3.6769698658 3.943905945
chr01_71812574   1  28.397015 2.0561056871 0.0472352516 8.302228608 3.5730545303 3.833481419
chr01_74324838   1  28.567016 2.0540808633 0.0470085249 8.301648083 3.5735319661 3.834614782
chr01_76387469   1  30.132017 1.3610064770 0.0144835852 8.690421932 3.5513826077 4.080304197
chr01_77550064   1  32.799018 1.1049437044 0.0636900262 7.590022710 2.3161011717 2.843373271
chr01_77735907   1  35.909019 1.1764859453 0.0731369777 7.443693892 1.9561466051 2.544837249
chr01_78407812   1  36.755020 1.4610423974 0.1111703627 8.129804063 2.1955725474 3.016553143
chr01_78489712   1  37.322021 1.6015968213 0.0721410444 7.825815423 2.1515128500 3.013485631
chr01_78975959   1  39.949022 1.2287820455 0.1844063474 6.460033531 1.9340285439 2.848631459
chr01_80090673   1  47.893023 0.6395665158 0.0171385583 4.985103274 1.3606749845 2.170495340
chr01_80599180   1  51.382024 0.5773043959 0.0548712429 3.163946375 0.8184286053 1.418638673
chr01_81245830   1  54.286025 0.5870406118 0.0099154852 2.978138415 0.7840052012 1.483300983
chr01_81295959   1  54.741026 0.6151714006 0.0060584832 2.948700576 0.7180244474 1.305310406
chr01_81874436   1  55.693027 0.5979738918 0.0200937243 2.978391929 0.6134738509 1.229714737
chr01_81965632   1  56.026028 0.4147586167 0.0343356108 2.888130136 0.6156203752 1.198218680
chr01_82047932   1  57.895029 0.6062748144 0.0384095812 2.975262270 0.5375879209 1.214995778
chr01_82504950   1  59.413030 0.7259829548 0.0652248247 3.218546795 0.4729043566 1.021850692
chr01_82613633   1  60.647031 0.7697375792 0.0496127056 3.304936215 0.4837130079 0.977384953
chr01_82619296   1  61.024032 0.6036767247 0.0623939567 2.978758130 0.4378908110 0.900614601
chr01_82625518   1  61.706033 0.5575802131 0.0680459666 2.691588171 0.4065689205 0.837059687
chr01_82758963   1  62.997034 0.4750242129 0.0402867641 2.799682266 0.3290054725 0.708797859
chr01_83548923   1  66.768035 0.6516759561 0.0377431619 3.140761988 0.3274429549 0.885291999
chr01_83706114   1  67.755036 0.5720791687 0.0518287655 3.057776028 0.3558303611 0.940311818
chr01_83980449   1  68.585037 0.5140958332 0.0425199434 3.380092927 0.3796706534 0.994590571
chr01_84061600   1  70.061038 0.3666965777 0.0401970684 3.091142795 0.2119726547 0.736073948
chr01_84419785   1  72.219039 0.2184404324 0.1089910091 3.218303076 0.5125518472 1.157656975
chr01_84747511   1  74.466040 0.4625684825 0.1212786409 3.203360593 0.5656844467 1.351980047
chr01_84837929   1  74.622041 0.4619559248 0.1213804627 3.201612556 0.5659949687 1.352027213
chr01_85116435   1  75.910042 0.5797163959 0.3274518163 2.759293373 0.4938359632 1.179941186
chr01_85144437   1  76.134043 0.5804085703 0.3274539900 2.760897751 0.4934670714 1.179097097
chr01_85227951   1  77.119044 0.5661841245 0.1690869315 3.207264093 0.4158195165 0.976913490
chr01_85878299   1  77.185045 0.5669753969 0.1691595654 3.204322262 0.4153568234 0.976401427
chr01_85973025   1  78.702046 0.4654894385 0.2325341763 2.835976151 0.3629403538 0.877482781
chr01_86527051   1  81.222047 0.2357748353 0.3284237671 2.351217966 0.0954127732 0.266350075
chr01_86770289   1  82.646048 0.3043971391 0.1367845437 2.025460385 0.0944268343 0.270383718
chr01_86973810   1  82.681049 0.3044009666 0.1368390317 2.025074259 0.0943754655 0.270272451
chr01_87292499   1  84.144050 0.2568238135 0.3683973724 1.586888193 0.0198354910 0.133284097
chr01_87546186   1  85.018051 0.1396045689 0.5751426518 1.165474675 0.0238633539 0.090191595
chr01_87794668   1  86.071052 0.1674233917 0.5553589340 1.302800364 0.0298271040 0.173261818
chr01_87851714   1  86.446053 0.2110779464 0.7427117910 1.402961021 0.0602641527 0.373102681
chr01_87866332   1  86.802054 0.2105164531 0.7404990404 1.404390916 0.0606746765 0.374109528
chr01_87918497   1  87.118055 0.1707789719 0.5688427622 1.417159272 0.0406079673 0.249969911
chr01_87972290   1  87.501056 0.1710583263 0.5705480254 1.417178118 0.0414999155 0.251705171
chr01_88074243   1  88.179057 0.3376989948 0.5936466517 1.515380678 0.2395652857 0.654744357
chr01_88229627   1  89.430058 0.5501445679 1.0094305452 1.800528253 0.1656830456 0.533089494
chr01_88441355   1  89.935059 0.5411141785 1.0440075654 1.894852032 0.3030471968 0.630922535
chr01_89056634   1  91.517060 0.8421907981 1.5596289073 1.817399569 0.5937034619 1.159726610
chr01_89168913   1  92.067061 0.6840012950 1.3535632186 1.885283598 0.5638501726 1.155390912
chr01_89984914   1  94.506062 0.8751334981 1.2195079016 1.721531889 0.0306690195 0.336813277
chr01_90097333   1  94.917063 0.8554187080 1.1864646865 1.745151400 0.0298610697 0.333246954
chr01_90114526   1  95.093064 0.8210634278 1.1815185128 1.707063593 0.0379744114 0.366954359
chr01_90220346   1  95.666065 1.0137283791 1.2538694263 1.846523901 0.0843776786 0.501557886
chr01_90463192   1  96.598066 0.8096888333 0.9011044836 1.851809905 0.0610988272 0.410891430
chr01_90475234   1  96.792067 0.7746572662 0.8566092572 1.852633891 0.0570067593 0.392472150
chr01_90644874   1  97.066068 0.8875446057 0.8426329751 1.961479111 0.0599651606 0.433005074
chr01_91165987   1  98.916069 0.5717062750 0.9130818770 2.083271815 0.0509219186 0.365903430
chr01_91405698   1  99.502070 0.5647489604 0.9074289272 2.087568382 0.0507295619 0.366869732
chr01_91500631   1 100.694071 0.2810108724 0.7826359902 2.213729982 0.0345837743 0.171039574
chr01_92282721   1 102.553072 0.3862788387 0.2723014389 2.080608509 0.0109379741 0.087343999
chr01_92414196   1 103.616073 0.4640860603 0.2571578063 1.983762911 0.0169010686 0.086035995
chr01_92538268   1 103.933074 0.4541144401 0.2812536214 1.963711965 0.0226267594 0.085737787
chr01_92699592   1 104.842075 0.4591301173 0.3411818331 2.121122828 0.0250265353 0.090913682
chr01_93034888   1 105.541076 0.3850792778 0.3297404047 2.651773431 0.0141325355 0.124609792
chr01_93058669   1 105.821077 0.4175488856 0.3000330894 2.768308692 0.0031613954 0.133496541
chr01_93254404   1 107.508078 0.6449249134 0.2807743796 2.797438910 0.0031897744 0.070241022
chr01_93374780   1 108.789079 0.9297793318 0.0841242818 3.234745742 0.0403280156 0.125697016
chr01_93731049   1 109.432080 0.6792569129 0.0485931925 3.341513558 0.0827412193 0.112926673
chr01_94258388   1 111.303081 0.5503349518 0.0887509507 4.116844040 0.0510284875 0.242341830
chr01_94270877   1 111.411082 0.5438980931 0.0849625701 4.117099109 0.0514336790 0.241627356
                        RSR          RSA          RV        SRL          RTD
chr01_1927449  3.2771463659 1.0393058722 1.117758718 0.71296092 0.4619952781
chr01_2120502  4.4835274294 1.5919320330 1.615150453 0.54250574 0.2494290512
chr01_2212007  4.3550171674 1.6546337353 1.747484366 0.52717637 0.2483723360
chr01_2229222  4.3544702157 1.6554998011 1.748866422 0.52662791 0.2479306972
chr01_2274878  4.4856863726 1.8186122090 1.898330935 0.45605305 0.2559846633
chr01_2308792  4.5646617968 1.7811574260 1.861813014 0.50069031 0.3203673138
chr01_2751392  5.9726065992 2.0613638587 2.511512310 0.85763951 0.0827590936
chr01_2826537  5.9696252982 2.0608752319 2.510742084 0.85674143 0.0823701395
chr01_2840317  5.9762822419 2.0622942709 2.513199741 0.85970561 0.0822588205
chr01_3172890  6.3121587350 2.5880343135 3.222579849 0.60356623 0.0968978909
chr01_3279061  6.4505447128 2.9014301744 3.698669226 0.78206935 0.1315305133
chr01_3572627  7.5908117673 3.1200227345 3.671747594 0.76690935 0.0707002656
chr01_4205504  7.6192545411 2.7334524733 3.318567172 1.07959733 0.0299708406
chr01_5585767  6.3591260596 2.3221139060 2.646227440 1.21231168 0.2827639520
chr01_67702613 5.9790402449 2.0692796198 2.359201561 1.11592884 0.2383568394
chr01_71812574 5.8188176538 1.9874695367 2.260621731 1.10865487 0.2367895905
chr01_74324838 5.8189145227 1.9870396059 2.260347030 1.10996200 0.2386241277
chr01_76387469 6.0875982311 1.9755838605 2.338066505 1.33995289 0.2410048980
chr01_77550064 4.6826885882 1.1478683743 1.377205258 1.31960595 0.5366020953
chr01_77735907 3.7548491823 0.9610781853 1.232563104 1.39347684 0.5717389845
chr01_78407812 4.3677395653 1.1093229933 1.519775707 1.82363891 0.5126693329
chr01_78489712 4.3255151808 1.0889402425 1.517412643 1.93917627 0.5422753607
chr01_78975959 3.6281588526 0.9136493034 1.353055092 2.16319105 0.5635059777
chr01_80090673 2.4768182604 0.6147771462 0.794475982 1.90697445 0.6784988723
chr01_80599180 1.8972804386 0.3974154228 0.513503795 1.45858079 0.5241132159
chr01_81245830 1.3580109734 0.5471397921 0.689121799 1.42196340 0.2312180893
chr01_81295959 1.3524288359 0.5047259830 0.627850800 1.38274032 0.1938304815
chr01_81874436 1.2104112713 0.3113004910 0.484329100 1.69648101 0.2732407123
chr01_81965632 1.2063991360 0.3284502610 0.495418384 1.32113488 0.2450035055
chr01_82047932 1.0491251003 0.2678222349 0.441446366 1.78331261 0.2904022182
chr01_82504950 1.0059497535 0.2083777431 0.363454279 1.34758797 0.4019380445
chr01_82613633 1.0133787363 0.2228447651 0.381705530 1.23746682 0.4679948720
chr01_82619296 0.9644357300 0.2041454043 0.362761404 1.18009554 0.5355517228
chr01_82625518 0.9487292222 0.1789941340 0.328502097 1.10773103 0.5255855475
chr01_82758963 0.7693458278 0.1326510451 0.249547333 1.04380493 0.4971478790
chr01_83548923 0.3026645601 0.1659032105 0.415803157 1.58323252 0.7148105421
chr01_83706114 0.3404158251 0.1859121585 0.379749998 1.77214165 0.7366525940
chr01_83980449 0.3882028981 0.2081770346 0.402458814 1.98862694 0.5512719701
chr01_84061600 0.2476126988 0.0587726860 0.215919506 1.96920938 0.9644064005
chr01_84419785 0.4120322866 0.2537804364 0.376935532 1.55648071 1.2102669563
chr01_84747511 0.5862857754 0.2328829288 0.355607923 2.12110752 0.9342083308
chr01_84837929 0.5868561952 0.2329538818 0.355427382 2.12122785 0.9334873304
chr01_85116435 0.6118769585 0.1741860318 0.268457734 2.21783455 0.8220382877
chr01_85144437 0.6119153979 0.1738466208 0.267950180 2.21996505 0.8222835545
chr01_85227951 0.4906716843 0.0961561324 0.152959254 2.28915395 1.3816149058
chr01_85878299 0.4900928763 0.0960396448 0.152197321 2.28734656 1.3799061949
chr01_85973025 0.4551921389 0.0741071332 0.136190532 2.06815213 0.9684682379
chr01_86527051 0.3969193103 0.0548797112 0.002526499 1.67909677 0.5539118432
chr01_86770289 0.2857693469 0.1210555454 0.015603301 1.88716880 0.5577828616
chr01_86973810 0.2857236549 0.1211273159 0.015600939 1.88727425 0.5578146622
chr01_87292499 0.2117283910 0.1229220461 0.007597555 1.86380852 0.6593185100
chr01_87546186 0.1411227818 0.1947418655 0.031350293 2.45738363 0.7729957628
chr01_87794668 0.0546442923 0.1443973010 0.038301397 3.03241358 0.8830359371
chr01_87851714 0.0338791215 0.0678183707 0.070756827 3.26658415 0.8613013824
chr01_87866332 0.0329973649 0.0675398943 0.070941846 3.26337497 0.8611420608
chr01_87918497 0.0350186536 0.0971482317 0.040461863 2.96056795 0.9422831143
chr01_87972290 0.0343620700 0.0970508893 0.041041653 2.96524260 0.9446688652
chr01_88074243 0.0120320729 0.0718131192 0.202903821 2.83892137 0.7204351882
chr01_88229627 0.0121124072 0.0756554701 0.155008592 3.49362831 0.8167917994
chr01_88441355 0.0178640054 0.1800304189 0.278364890 3.54095499 0.8606405914
chr01_89056634 0.0877278796 0.3158716646 0.467157090 3.53334598 0.9625986748
chr01_89168913 0.1727760612 0.3045826513 0.454076510 3.50474984 0.9430072328
chr01_89984914 0.1488997836 0.0475243988 0.005640964 2.98215039 1.2327964513
chr01_90097333 0.1509739623 0.0477202635 0.005793991 2.99647523 1.2263024137
chr01_90114526 0.1435917915 0.0342182072 0.001835649 3.00831578 1.1776828547
chr01_90220346 0.1293976835 0.0108985967 0.005758532 3.51604055 1.2636769862
chr01_90463192 0.2346824385 0.0438505315 0.008079605 3.39220008 1.1230302029
chr01_90475234 0.2350931247 0.0504524334 0.009953278 3.34207808 1.0935344928
chr01_90644874 0.2319479888 0.0341946775 0.004577921 3.47898281 1.0951598169
chr01_91165987 0.1064664317 0.0555745785 0.017821940 3.48250322 0.9773159639
chr01_91405698 0.1072441968 0.0551957420 0.017546665 3.48397850 0.9760620137
chr01_91500631 0.0560925884 0.1369946885 0.040659753 3.40592895 0.8374602185
chr01_92282721 0.0356486402 0.1288218948 0.046258223 2.13998349 0.7249394866
chr01_92414196 0.0033672116 0.1210515655 0.048697499 1.97493121 0.7935499857
chr01_92538268 0.0030558966 0.1297491501 0.054428008 1.97839619 0.7781785693
chr01_92699592 0.0035039271 0.1257136309 0.056954863 1.94353915 0.7935613624
chr01_93034888 0.0175611579 0.0932132475 0.037606831 2.07658941 0.8622347651
chr01_93058669 0.0261951865 0.0823622701 0.028783757 2.09777668 0.8713346068
chr01_93254404 0.0195848339 0.1157272869 0.058731840 1.48001503 0.6168410399
chr01_93374780 0.0730298941 0.1503730483 0.088875593 1.36074185 0.4327227793
chr01_93731049 0.0800876607 0.2886053395 0.206424201 1.56195658 0.5534922607
chr01_94258388 0.0665774420 0.0492189514 0.036002232 1.32945355 0.3187045333
chr01_94270877 0.0663698822 0.0509369323 0.037385390 1.32512060 0.3169938463
 [ reached getOption("max.print") -- omitted 659 rows ]
